tVals = [4,8,16,32,64,128]
buildTimes = [10.213898,7.814028,7.747902,8.044751,7.915239,299.649820]
searchTimes = [[1.1e-05,1.6e-05,1.2e-05,1.1e-05,1.2e-05,1e-05,1.2e-05,1.2e-05,1.2e-05,1e-05],[8e-06,7e-06,6e-06,9e-06,8e-06,8e-06,7e-06,8e-06,8e-06,7e-06],[8e-06,7e-06,6e-06,1.2e-05,8e-06,8e-06,7e-06,8e-06,8e-06,7e-06],[9e-06,8e-06,9e-06,8e-06,9e-06,8e-06,8e-06,1e-05,9e-06,6e-06],[9e-06,8e-06,8e-06,1.3e-05,9e-06,8e-06,9e-06,1e-05,9e-06,8e-06],[0.000172,0.000183,9.5e-05,0.000106,0.000123,0.000174,1.2e-05,1.2e-05,1.2e-05,1e-05]]